data/kpl/codg1650.22i
     1.0            IONOSPHERE MAPS     GNSS                IONEX VERSION / TYPE
ADDNEQ2 V5.5        AIUB                18-JUN-22 23:16     PGM / RUN BY / DATE 
CODE'S GLOBAL IONOSPHERE MAPS FOR DAY 165, 2022             COMMENT             
Global ionosphere maps (GIM) are generated on a daily basis DESCRIPTION         
at CODE using data from about 300 GNSS sites of the IGS and DESCRIPTION         
other institutions. The vertical total electron content     DESCRIPTION         
(VTEC) is modeled in a solar-geomagnetic reference frame    DESCRIPTION         
using a spherical harmonics expansion up to degree and      DESCRIPTION         
order 15. Piece-wise linear functions are used for          DESCRIPTION         
representation in the time domain. The time spacing of      DESCRIPTION         
their vertices is 1 hour, conforming with the epochs of the DESCRIPTION         
VTEC maps.                                                  DESCRIPTION         
To convert line-of-sight TEC into vertical TEC, a modified  DESCRIPTION         
single-layer model mapping function approximating the JPL   DESCRIPTION         
extended slab model mapping function is adopted. The        DESCRIPTION         
mapping function is evaluated at geodetic satellite         DESCRIPTION         
elevation angles. For the computation of the ionospheric    DESCRIPTION         
pierce points, a spherical layer with a radius of 6821 km   DESCRIPTION         
is assumed, implying geocentric, not geodetic IONEX         DESCRIPTION         
latitudes.                                                  DESCRIPTION         
Instrumental biases with respect to each involved GNSS code DESCRIPTION         
observable are estimated as constant values for each        DESCRIPTION         
day. They are modeled with one set of bias parameters for   DESCRIPTION         
each satellite and each station in case of GPS and for each DESCRIPTION         
satellite-station link in case of GLONASS. The code bias    DESCRIPTION         
datum is defined by zero-mean conditions imposed on the     DESCRIPTION         
satellite bias estimates. In this file, just GPS C1W-C2W    DESCRIPTION         
satellite and station bias values are included. The         DESCRIPTION         
complete set of GNSS code bias results is provided in an    DESCRIPTION         
additional Bias-SINEX file as pseudo-absolute values        DESCRIPTION         
specific to each observable.                                DESCRIPTION         
Note: These GIM results correspond to the results for the   DESCRIPTION         
middle day of a 3-day combination analysis solving for 73   DESCRIPTION         
times 256, or 18688 VTEC parameters and 3 daily sets of     DESCRIPTION         
GNSS code bias parameters.                                  DESCRIPTION         
Contact address: code(at)aiub.unibe.ch                      DESCRIPTION         
Data archive:    ftp.aiub.unibe.ch/CODE/                    DESCRIPTION         
                 www.aiub.unibe.ch/download/CODE/           DESCRIPTION         
  2022     6    14     0     0     0                        EPOCH OF FIRST MAP  
  2022     6    15     0     0     0                        EPOCH OF LAST MAP   
  3600                                                      INTERVAL            
[...]
badg bake bako barh bjco bndy boav bogo bogt bor1 braz brft COMMENT             
brst brux bshm cags cas1 ccj2 cedu chpg chpi chti chur ckis COMMENT             
coco cord cpvg crar cro1 daej darw dav1 dgar dhlg drao dubo COMMENT             
ebre faa1 fair flin flrs frdn ftna func ganp glsv gode godz COMMENT             
gol2 gold gope gras graz guam harb hers hert hlfx hnlc hob2 COMMENT             
hofn holb hrao hyde ieng iisc ineg invk iqal irkj joz2 joze COMMENT             
kerg kir0 kiri kiru kit3 kokb kokv koug kour krgg laut lmmf COMMENT             
lpal lpgs m0se mac1 madr mal2 mana mas1 mat1 mate maw1 mcil COMMENT             
mcm4 mdo1 mdvj medi mets mgue mizu mkea mobs monp morp mqzg COMMENT             
mro1 mtka nano nico nist nklg nlib nnor not1 nrc1 ntus nya1 COMMENT             
nyal ohi2 onsa opmt ous2 pado parc park pdel penc pert pie1 COMMENT             
pohn pol2 polv pots pove prds ptag ptbb ptvl qaq1 quin rabt COMMENT             
ramo reun reyk rgdg rio2 riop salu samo sant savo sch2 scor COMMENT             
scrz sctb scub seyg smst sofi spt0 ssia sthl stjo stk2 str2 COMMENT             
suth sutm suwn sydn syog tabl tabv tash thtg thti thu2 tidb COMMENT             
tlse tong tow2 tro1 tsea tskb tuva twtf uclu ufpr ulab unb3 COMMENT             
unbj unsa urum usn7 usud vald vill voim wab1 wab2 wark wgtn COMMENT             
whit will wind wsrt wtza wtzl wtzr wtzz wuhn xmis yar2 yar3 COMMENT             
yarr yell zamb zeck zim2 zim3 zimm                          COMMENT             
                                                            END OF HEADER       
[from data line 1716]
     5                                                      START OF TEC MAP    
  2022     6    14     4     0     0                        EPOCH OF CURRENT MAP
    87.5-180.0 180.0   5.0 450.0                            LAT/LON1/LON2/DLON/H
  137  137  138  139  140  141  142  143  143  144  145  145  146  146  147  147
  147  147  147  147  147  147  146  146  145  145  144  143  143  142  141  141
  140  139  138  138  137  136  136  135  135  134  134  133  133  133  132  132
  132  132  132  131  131  131  131  131  131  131  131  131  131  131  131  132
  132  132  133  133  134  135  135  136  137
    85.0-180.0 180.0   5.0 450.0                            LAT/LON1/LON2/DLON/H
  136  138  139  141  143  144  146  148  150  151  153  154  155  156  157  157
  157  158  157  157  156  156  155  153  152  151  149  148  146  145  143  142
  141  139  138  137  136  135  135  134  134  133  133  133  133  132  132  132
  133  133  133  133  133  133  132  132  132  132  131  131  131  130  130  130
  130  130  131  131  132  132  133  135  136
    82.5-180.0 180.0   5.0 450.0                            LAT/LON1/LON2/DLON/H
  136  138  140  142  145  147  150  152  154  157  158  160  161  162  163  164
  164  164  164  163  162  161  159  157  155  153  151  148  146  144  142  141
  139  138  137  136  136  135  135  135  135  135  135  136  136  137  138  139
  140  141  141  142  143  143  143  143  142  141  141  140  138  137  136  135
  134  133  132  132  132  133  133  135  136
    80.0-180.0 180.0   5.0 450.0                            LAT/LON1/LON2/DLON/H
  138  139  142  144  147  150  152  155  157  159  161  162  163  164  164  165
  165  165  164  164  162  161  158  156  153  150  147  144  142  140  138  137
  136  136  135  136  136  136  137  137  138  139  140  142  143  145  148  150
  152  155  157  159  160  161  161  161  161  160  158  156  154  152  149  146
  144  141  139  138  136  136  136  136  138
    77.5-180.0 180.0   5.0 450.0                            LAT/LON1/LON2/DLON/H
  141  142  144  147  149  152  154  156  158  159  159  160  160  160  160  160
  160  160  159  159  158  156  153  150  147  143  140  137  134  133  132  132
  132  133  135  136  137  139  140  141  143  145  147  149  152  155  159  163
  168  172  176  179  182  183  184  185  184  183  181  178  175  172  168  164
  160  155  152  148  145  143  141  141  141
    75.0-180.0 180.0   5.0 450.0                            LAT/LON1/LON2/DLON/H
  146  147  148  150  152  154  156  157  158  157  156  155  153  151  150  150
  150  150  150  150  149  148  145  142  138  134  130  127  125  124  125  126
  129  132  135  138  141  143  145  147  148  150  153  156  160  165  170  176
  182  188  193  198  202  205  207  207  207  205  203  201  197  193  189  184
  179  173  167  162  157  153  150  147  146
    72.5-180.0 180.0   5.0 450.0                            LAT/LON1/LON2/DLON/H
  152  151  152  153  155  157  158  158  158  156  153  149  145  142  139  138
  137  137  138  139  139  138  136  133  129  124  120  117  116  116  118  121
  126  131  137  141  145  148  150  152  153  155  157  161  165  171  177  185
  192  200  206  212  217  220  222  223  223  222  220  218  215  212  208  203
  197  191  185  178  171  165  159  155  152
    70.0-180.0 180.0   5.0 450.0                            LAT/LON1/LON2/DLON/H
  159  156  155  155  157  159  160  160  158  155  151  145  140  134  130  127
  126  126  127  128  129  129  127  124  120  115  111  108  107  108  112  118
  125  132  139  145  149  152  154  155  156  158  160  163  168  173  180  188
  196  204  212  218  223  226  228  228  228  227  226  225  224  223  220  217
  212  207  200  192  184  176  169  163  159
    67.5-180.0 180.0   5.0 450.0                            LAT/LON1/LON2/DLON/H
  164  160  157  157  158  160  161  161  160  156  151  145  138  131  125  120
  118  117  118  119  120  121  119  116  112  108  104  101  100  103  108  115
  123  132  140  146  151  154  156  157  158  159  161  164  168  173  180  187
  194  202  209  214  218  221  222  222  221  221  221  222  223  224  224  222
  220  216  210  203  195  186  178  170  164
    65.0-180.0 180.0   5.0 450.0                            LAT/LON1/LON2/DLON/H
  169  163  159  157  158  159  161  162  161  158  154  148  140  132  125  119
  115  113  112  112  113  114  113  110  107  102   98   96   96   99  104  112
  121  130  138  145  150  153  155  157  159  161  163  166  169  173  177  182
  188  194  200  204  207  208  207  206  205  205  206  209  212  215  218  219
  219  218  214  209  202  194  185  176  169
    62.5-180.0 180.0   5.0 450.0                            LAT/LON1/LON2/DLON/H
  173  166  161  158  157  158  160  161  161  160  157  153  146  139  131  124
  118  113  110  109  109  109  108  106  103   99   96   93   93   96  101  108
  117  125  133  140  145  149  153  157  160  164  167  170  172  174  176  178
  181  185  189  191  192  192  190  187  185  185  187  190  195  200  204  208
  211  212  211  208  204  198  190  181  173
    60.0-180.0 180.0   5.0 450.0                            LAT/LON1/LON2/DLON/H
  179  171  165  161  158  158  158  160  161  161  160  158  154  148  141  133
  125  118  112  109  107  106  105  103  101   98   95   93   92   94   97  103
  110  117  125  131  138  144  150  157  164  171  176  180  181  180  179  178
  178  180  181  182  182  179  175  171  168  167  168  172  177  182  187  192
  196  199  202  202  201  198  193  186  179
    57.5-180.0 180.0   5.0 450.0                            LAT/LON1/LON2/DLON/H
  185  179  172  167  163  160  159  159  159  161  162  162  161  157  151  144
  135  126  118  112  109  106  105  104  102  100   97   95   93   93   94   97
  102  108  114  121  129  138  148  159  171  182  190  194  195  192  188  184
  182  181  182  182  180  176  170  163  158  156  156  158  162  167  171  175
  179  184  188  192  195  196  195  191  185
    55.0-180.0 180.0   5.0 450.0                            LAT/LON1/LON2/DLON/H
  193  189  183  177  172  167  163  160  159  160  162  164  165  164  161  154
  146  136  127  120  114  111  109  108  107  105  102   99   96   93   91   92
   94   98  104  112  121  133  147  164  180  196  207  214  214  211  205  199
  195  194  194  194  191  185  177  168  160  155  153  153  155  157  158  160
  163  168  174  181  188  193  196  196  193
    52.5-180.0 180.0   5.0 450.0                            LAT/LON1/LON2/DLON/H
  202  200  196  191  185  178  171  166  162  160  161  164  167  168  167  163
  156  147  138  130  124  120  117  116  115  113  109  105  100   95   91   88
   88   91   96  105  117  132  150  170  191  211  226  235  237  233  227  222
  218  218  218  218  214  207  196  184  173  165  159  157  155  153  151  151
  152  156  162  171  180  189  196  200  202
    50.0-180.0 180.0   5.0 450.0                            LAT/LON1/LON2/DLON/H
  208  210  209  206  200  192  184  175  168  163  161  163  166  169  170  168
  163  157  150  143  137  132  129  127  125  122  119  114  108  101   95   90
   88   89   95  104  117  134  154  178  202  225  243  255  259  258  254  251
  249  250  252  252  247  237  223  208  193  182  173  167  161  156  151  147
  146  149  155  164  174  185  195  203  208
    47.5-180.0 180.0   5.0 450.0                            LAT/LON1/LON2/DLON/H
  211  216  218  217  213  207  198  187  177  169  165  164  166  168  169  170
  168  165  160  156  151  146  142  139  136  133  129  124  117  110  103   97
   94   94  100  109  122  139  161  185  212  237  257  272  280  283  283  283
  285  288  290  290  284  272  255  236  217  202  190  180  171  162  155  150
  148  149  154  162  171  182  193  203  211
    45.0-180.0 180.0   5.0 450.0                            LAT/LON1/LON2/DLON/H
  209  216  220  222  222  218  210  201  189  179  172  168  167  167  168  169
  170  170  169  167  163  159  155  151  147  143  139  134  129  123  116  110
  107  107  111  120  132  148  168  192  219  245  267  285  297  304  310  314
  320  325  327  326  318  303  284  262  241  222  207  194  182  171  162  157
  155  156  160  165  172  181  191  200  209
    42.5-180.0 180.0   5.0 450.0                            LAT/LON1/LON2/DLON/H
  203  210  215  219  221  221  218  211  202  191  182  176  171  168  167  167
  169  172  174  174  172  169  165  160  156  152  148  145  142  138  133  129
  126  125  128  135  145  158  176  199  224  250  274  294  309  321  332  341
  349  355  357  354  344  328  306  283  261  241  223  207  193  181  172  168
  167  169  172  175  178  182  188  196  203
    40.0-180.0 180.0   5.0 450.0                            LAT/LON1/LON2/DLON/H
  196  200  204  208  213  217  219  217  212  204  195  187  179  173  168  166
  167  171  175  177  176  173  170  166  162  158  156  155  155  154  152  149
  147  146  147  151  158  168  184  204  229  254  278  299  317  333  347  360
  369  375  375  370  359  342  321  299  278  258  239  222  205  192  184  181
  182  185  187  188  187  187  188  192  196
    37.5-180.0 180.0   5.0 450.0                            LAT/LON1/LON2/DLON/H
  191  191  192  194  200  207  214  218  218  214  208  200  191  181  172  166
  165  168  172  174  175  173  170  168  165  163  162  164  166  169  169  169
  167  165  165  166  169  177  190  209  233  258  282  303  322  339  355  368
  378  382  380  374  362  347  330  311  293  276  258  239  221  206  197  195
  198  202  204  203  199  195  192  191  191
    35.0-180.0 180.0   5.0 450.0                            LAT/LON1/LON2/DLON/H
  192  188  184  183  187  195  206  215  221  222  220  214  205  193  179  169
  164  164  166  168  169  169  168  168  168  167  168  171  175  180  182  183
  181  179  177  175  177  182  195  214  238  263  286  306  323  339  353  366
  374  376  373  366  357  347  335  323  310  297  281  263  243  226  215  211
  214  218  220  218  213  207  202  197  192
    32.5-180.0 180.0   5.0 450.0                            LAT/LON1/LON2/DLON/H
  204  195  187  182  182  190  201  213  222  227  229  226  218  205  188  173
  164  160  160  161  162  164  167  170  172  172  173  176  180  185  188  189
  187  185  181  179  179  184  197  217  242  267  289  306  320  333  344  354
  360  361  358  353  348  343  340  336  331  323  311  293  272  251  236  229
  228  231  233  232  229  223  218  211  204
    30.0-180.0 180.0   5.0 450.0                            LAT/LON1/LON2/DLON/H
  227  216  204  195  192  196  205  215  225  232  236  236  230  216  198  179
  165  157  155  156  158  162  168  174  178  179  178  178  180  183  186  186
  184  181  177  174  175  181  195  216  243  268  289  304  314  321  329  336
  340  341  339  338  339  342  347  351  354  352  344  329  307  283  262  249
  242  241  243  244  244  242  239  235  227
    27.5-180.0 180.0   5.0 450.0                            LAT/LON1/LON2/DLON/H
  260  250  237  226  218  217  221  227  232  237  241  242  238  225  206  185
  168  157  153  154  157  164  173  181  186  186  182  178  176  175  175  174
  172  169  166  164  165  172  187  210  238  264  284  297  303  306  310  315
  319  321  323  326  334  344  356  368  377  381  378  366  344  317  291  270
  256  250  250  254  259  263  266  265  260
    25.0-180.0 180.0   5.0 450.0                            LAT/LON1/LON2/DLON/H
  298  292  281  270  260  255  251  249  247  245  246  246  243  232  213  191
  172  160  155  157  162  171  182  192  196  192  184  175  167  162  158  155
  153  151  149  148  151  159  175  198  225  251  272  284  289  290  291  296
  301  307  313  322  335  351  368  383  396  405  407  399  380  352  321  292
  270  259  257  264  274  285  294  299  298
    22.5-180.0 180.0   5.0 450.0                            LAT/LON1/LON2/DLON/H
  337  337  331  322  312  302  292  280  267  257  251  248  245  235  218  196
  177  165  161  164  171  182  194  202  203  195  182  167  154  144  137  133
  131  130  130  131  134  142  157  178  204  231  253  267  272  273  275  281
  290  300  312  326  343  361  379  395  409  420  426  424  409  383  349  314
  286  269  266  274  289  306  322  332  337
    20.0-180.0 180.0   5.0 450.0                            LAT/LON1/LON2/DLON/H
  373  377  377  372  365  353  337  315  291  270  256  249  244  236  220  200
  182  171  168  173  183  194  204  209  205  192  174  155  138  125  116  111
  109  110  112  114  117  124  136  153  177  204  229  247  256  260  265  274
  287  303  319  337  356  374  389  402  413  425  434  437  428  406  374  337
  304  283  278  287  306  327  347  362  373
    17.5-180.0 180.0   5.0 450.0                            LAT/LON1/LON2/DLON/H
  400  409  414  414  410  399  378  348  315  284  262  250  243  235  221  204
  187  177  176  182  193  203  209  209  199  182  161  140  121  107   97   92
   92   95   97   99  102  106  114  127  147  174  203  227  243  252  261  274
  293  313  334  353  372  387  398  405  412  422  433  440  438  423  394  359
  325  302  295  304  324  347  369  387  400
    15.0-180.0 180.0   5.0 450.0                            LAT/LON1/LON2/DLON/H
  420  430  438  443  442  432  409  375  334  296  267  250  241  233  221  206
  191  182  182  190  200  207  208  201  185  165  142  122  105   91   82   79
   80   84   87   89   90   91   94  102  119  146  179  211  234  249  263  281
  303  328  351  372  389  401  407  408  410  416  427  437  441  432  410  379
  348  325  318  326  344  367  388  406  420
    12.5-180.0 180.0   5.0 450.0                            LAT/LON1/LON2/DLON/H
  433  442  450  457  459  451  428  391  347  305  271  250  239  231  221  207
  194  186  186  193  201  205  199  185  165  142  122  104   91   80   74   72
   75   80   83   83   81   79   79   82   97  124  161  199  229  251  269  290
  316  343  368  390  406  416  417  414  412  414  423  434  441  438  423  398
  372  352  344  350  366  386  405  421  433
    10.0-180.0 180.0   5.0 450.0                            LAT/LON1/LON2/DLON/H
  443  449  454  460  463  457  435  399  354  310  275  251  237  229  219  208
  195  188  188  193  199  197  186  166  142  120  102   90   81   74   70   71
   75   80   82   81   77   73   69   70   82  110  150  192  228  254  275  298
  326  355  383  406  422  431  432  427  423  423  428  436  442  441  432  414
  394  378  371  375  387  403  419  433  443
     7.5-180.0 180.0   5.0 450.0                            LAT/LON1/LON2/DLON/H
  452  454  456  459  461  455  435  400  357  314  279  253  237  227  218  207
  196  188  187  191  193  187  170  146  121  101   87   80   76   73   72   73
   78   83   84   81   76   70   65   65   76  103  144  189  227  255  278  302
  331  362  392  417  436  448  450  448  444  443  444  446  447  444  437  426
  413  401  395  396  404  417  432  445  452
     5.0-180.0 180.0   5.0 450.0                            LAT/LON1/LON2/DLON/H
  461  461  458  457  457  451  433  400  360  320  285  259  240  228  218  207
  196  189  186  188  187  177  157  131  106   89   80   78   77   76   76   78
   83   86   86   82   76   70   65   65   76  101  141  185  223  252  275  300
  329  362  395  424  448  463  470  472  472  471  468  462  454  446  439  432
  424  417  411  410  415  426  441  455  461
     2.5-180.0 180.0   5.0 450.0                            LAT/LON1/LON2/DLON/H
  470  469  463  459  457  451  434  404  368  331  297  269  247  231  218  207
  196  189  186  186  182  169  148  122  100   86   81   81   82   82   81   83
   87   90   88   82   75   70   67   68   77  101  137  177  214  242  265  290
  320  355  391  425  454  474  487  494  499  499  492  478  460  444  434  429
  426  422  417  414  416  427  444  461  470
