data/kpl/codg1650.22i
     1.0            IONOSPHERE MAPS     GNSS                IONEX VERSION / TYPE
ADDNEQ2 V5.5        AIUB                18-JUN-22 23:16     PGM / RUN BY / DATE 
CODE'S GLOBAL IONOSPHERE MAPS FOR DAY 165, 2022             COMMENT             
Global ionosphere maps (GIM) are generated on a daily basis DESCRIPTION         
at CODE using data from about 300 GNSS sites of the IGS and DESCRIPTION         
other institutions. The vertical total electron content     DESCRIPTION         
(VTEC) is modeled in a solar-geomagnetic reference frame    DESCRIPTION         
using a spherical harmonics expansion up to degree and      DESCRIPTION         
order 15. Piece-wise linear functions are used for          DESCRIPTION         
representation in the time domain. The time spacing of      DESCRIPTION         
their vertices is 1 hour, conforming with the epochs of the DESCRIPTION         
VTEC maps.                                                  DESCRIPTION         
To convert line-of-sight TEC into vertical TEC, a modified  DESCRIPTION         
single-layer model mapping function approximating the JPL   DESCRIPTION         
extended slab model mapping function is adopted. The        DESCRIPTION         
mapping function is evaluated at geodetic satellite         DESCRIPTION         
elevation angles. For the computation of the ionospheric    DESCRIPTION         
pierce points, a spherical layer with a radius of 6821 km   DESCRIPTION         
is assumed, implying geocentric, not geodetic IONEX         DESCRIPTION         
latitudes.                                                  DESCRIPTION         
Instrumental biases with respect to each involved GNSS code DESCRIPTION         
observable are estimated as constant values for each        DESCRIPTION         
day. They are modeled with one set of bias parameters for   DESCRIPTION         
each satellite and each station in case of GPS and for each DESCRIPTION         
satellite-station link in case of GLONASS. The code bias    DESCRIPTION         
datum is defined by zero-mean conditions imposed on the     DESCRIPTION         
satellite bias estimates. In this file, just GPS C1W-C2W    DESCRIPTION         
satellite and station bias values are included. The         DESCRIPTION         
complete set of GNSS code bias results is provided in an    DESCRIPTION         
additional Bias-SINEX file as pseudo-absolute values        DESCRIPTION         
specific to each observable.                                DESCRIPTION         
Note: These GIM results correspond to the results for the   DESCRIPTION         
middle day of a 3-day combination analysis solving for 73   DESCRIPTION         
times 256, or 18688 VTEC parameters and 3 daily sets of     DESCRIPTION         
GNSS code bias parameters.                                  DESCRIPTION         
Contact address: code(at)aiub.unibe.ch                      DESCRIPTION         
Data archive:    ftp.aiub.unibe.ch/CODE/                    DESCRIPTION         
                 www.aiub.unibe.ch/download/CODE/           DESCRIPTION         
  2022     6    14     0     0     0                        EPOCH OF FIRST MAP  
  2022     6    15     0     0     0                        EPOCH OF LAST MAP   
  3600                                                      INTERVAL            
[...]
badg bake bako barh bjco bndy boav bogo bogt bor1 braz brft COMMENT             
brst brux bshm cags cas1 ccj2 cedu chpg chpi chti chur ckis COMMENT             
coco cord cpvg crar cro1 daej darw dav1 dgar dhlg drao dubo COMMENT             
ebre faa1 fair flin flrs frdn ftna func ganp glsv gode godz COMMENT             
gol2 gold gope gras graz guam harb hers hert hlfx hnlc hob2 COMMENT             
hofn holb hrao hyde ieng iisc ineg invk iqal irkj joz2 joze COMMENT             
kerg kir0 kiri kiru kit3 kokb kokv koug kour krgg laut lmmf COMMENT             
lpal lpgs m0se mac1 madr mal2 mana mas1 mat1 mate maw1 mcil COMMENT             
mcm4 mdo1 mdvj medi mets mgue mizu mkea mobs monp morp mqzg COMMENT             
mro1 mtka nano nico nist nklg nlib nnor not1 nrc1 ntus nya1 COMMENT             
nyal ohi2 onsa opmt ous2 pado parc park pdel penc pert pie1 COMMENT             
pohn pol2 polv pots pove prds ptag ptbb ptvl qaq1 quin rabt COMMENT             
ramo reun reyk rgdg rio2 riop salu samo sant savo sch2 scor COMMENT             
scrz sctb scub seyg smst sofi spt0 ssia sthl stjo stk2 str2 COMMENT             
suth sutm suwn sydn syog tabl tabv tash thtg thti thu2 tidb COMMENT             
tlse tong tow2 tro1 tsea tskb tuva twtf uclu ufpr ulab unb3 COMMENT             
unbj unsa urum usn7 usud vald vill voim wab1 wab2 wark wgtn COMMENT             
whit will wind wsrt wtza wtzl wtzr wtzz wuhn xmis yar2 yar3 COMMENT             
yarr yell zamb zeck zim2 zim3 zimm                          COMMENT             
                                                            END OF HEADER       
[from data line 3432]
     9                                                      START OF TEC MAP    
  2022     6    14     8     0     0                        EPOCH OF CURRENT MAP
    87.5-180.0 180.0   5.0 450.0                            LAT/LON1/LON2/DLON/H
  152  153  154  155  156  157  158  159  160  161  162  163  164  165  165  166
  166  166  166  166  166  166  165  165  164  163  163  162  161  160  159  158
  157  156  156  155  154  153  152  152  151  150  150  149  149  148  148  147
  147  147  146  146  146  146  145  145  145  145  145  145  145  145  145  146
  146  147  147  148  148  149  150  151  152
    85.0-180.0 180.0   5.0 450.0                            LAT/LON1/LON2/DLON/H
  147  148  150  153  155  157  159  161  164  166  168  170  172  173  174  175
  176  176  176  176  175  174  173  172  170  169  167  165  163  161  159  157
  156  154  153  152  151  150  149  148  148  147  147  146  146  146  146  145
  145  145  145  145  144  144  143  143  142  142  141  141  140  140  139  139
  139  139  140  140  141  142  144  145  147
    82.5-180.0 180.0   5.0 450.0                            LAT/LON1/LON2/DLON/H
  141  143  145  148  150  153  156  159  162  165  168  171  174  176  178  179
  181  181  181  181  180  178  176  173  171  168  165  162  159  157  154  152
  151  149  148  148  147  147  146  146  146  147  147  148  148  149  150  150
  151  151  152  152  151  151  150  149  148  147  145  144  142  141  139  138
  137  137  136  136  136  137  138  139  141
    80.0-180.0 180.0   5.0 450.0                            LAT/LON1/LON2/DLON/H
  137  138  140  142  144  147  149  152  155  158  162  165  168  171  174  176
  178  179  179  179  177  175  172  169  165  161  157  153  150  148  146  145
  144  144  144  144  145  146  147  148  149  150  152  154  155  157  159  161
  163  165  166  167  167  167  166  165  163  161  158  155  153  150  147  144
  142  140  138  137  136  135  135  136  137
    77.5-180.0 180.0   5.0 450.0                            LAT/LON1/LON2/DLON/H
  136  136  137  137  138  139  141  142  145  147  150  153  157  160  164  167
  169  171  172  171  170  167  164  159  154  150  145  141  138  137  136  137
  138  140  142  145  147  149  152  154  156  158  160  163  166  169  173  176
  180  182  185  186  187  187  186  184  182  179  176  173  169  165  161  157
  153  150  146  144  141  139  138  137  136
    75.0-180.0 180.0   5.0 450.0                            LAT/LON1/LON2/DLON/H
  141  139  137  136  134  133  133  132  133  134  136  138  141  145  148  152
  156  158  160  160  159  156  153  148  142  137  132  129  126  126  128  131
  135  140  145  150  154  158  160  163  165  168  171  174  178  182  187  192
  196  200  203  205  206  206  205  204  201  198  195  191  188  183  179  174
  169  165  160  156  152  149  146  143  141
    72.5-180.0 180.0   5.0 450.0                            LAT/LON1/LON2/DLON/H
  149  146  142  138  134  131  128  125  123  122  122  123  125  128  132  136
  140  144  146  147  147  145  141  137  131  125  121  118  117  119  123  129
  137  145  152  159  165  169  172  174  176  178  181  185  189  194  199  205
  210  214  217  219  219  219  218  216  214  212  209  207  204  200  197  192
  187  182  177  172  166  162  157  153  149
    70.0-180.0 180.0   5.0 450.0                            LAT/LON1/LON2/DLON/H
  161  156  150  145  139  133  127  122  117  114  112  112  112  115  118  121
  125  129  133  135  136  134  132  127  122  118  114  112  113  116  123  132
  142  153  163  171  178  182  184  185  186  188  190  194  198  203  208  213
  217  221  222  223  223  222  220  218  217  216  215  215  214  212  210  207
  203  198  192  187  181  176  171  166  161
    67.5-180.0 180.0   5.0 450.0                            LAT/LON1/LON2/DLON/H
  174  168  162  155  147  139  131  124  117  112  108  106  105  105  107  110
  113  117  120  123  125  125  124  121  117  114  111  111  113  119  128  139
  151  164  175  184  190  193  194  195  195  195  197  201  205  209  213  217
  219  220  220  219  217  214  212  210  209  210  211  213  215  217  217  215
  212  208  204  199  194  189  184  179  174
    65.0-180.0 180.0   5.0 450.0                            LAT/LON1/LON2/DLON/H
  186  181  175  168  159  149  140  130  121  114  109  105  103  101  101  102
  104  106  109  112  114  116  116  116  115  113  113  114  118  125  135  148
  162  175  186  195  200  202  202  201  201  201  204  207  210  214  216  217
  217  215  212  208  204  200  197  195  195  196  200  205  209  213  215  215
  214  212  208  205  201  198  194  191  186
    62.5-180.0 180.0   5.0 450.0                            LAT/LON1/LON2/DLON/H
  197  194  189  182  173  162  151  139  129  120  113  108  104  101   99   98
   97   97   99  101  104  106  109  111  113  115  117  121  126  134  145  157
  171  184  195  202  207  208  207  206  206  207  210  213  217  218  218  216
  213  208  202  196  190  185  180  178  178  181  186  192  198  203  206  208
  208  207  206  205  204  203  201  200  197
    60.0-180.0 180.0   5.0 450.0                            LAT/LON1/LON2/DLON/H
  207  205  202  196  187  176  163  149  137  127  118  112  107  103   99   95
   92   90   89   90   93   96  101  106  111  116  121  127  134  143  153  165
  177  190  200  207  211  212  211  211  212  214  218  222  225  225  222  217
  210  203  195  188  181  175  170  167  166  169  173  180  186  190  194  195
  196  196  197  199  201  203  205  207  207
    57.5-180.0 180.0   5.0 450.0                            LAT/LON1/LON2/DLON/H
  214  215  214  209  201  189  175  159  145  132  123  115  109  104   98   93
   88   84   82   81   83   86   92   99  107  116  124  133  141  150  159  170
  182  193  204  211  215  217  217  218  220  224  229  233  235  233  228  220
  212  203  195  188  181  175  169  165  164  164  168  172  176  179  180  180
  180  182  185  190  196  202  207  211  214
    55.0-180.0 180.0   5.0 450.0                            LAT/LON1/LON2/DLON/H
  220  223  224  221  214  202  186  168  151  136  125  116  109  103   97   91
   85   80   76   75   75   78   83   91  102  113  125  136  145  154  163  172
  183  196  207  216  222  226  227  229  232  237  242  246  246  243  236  227
  218  210  204  198  192  187  180  175  171  169  170  171  171  170  168  166
  166  168  173  181  190  199  207  214  220
    52.5-180.0 180.0   5.0 450.0                            LAT/LON1/LON2/DLON/H
  222  228  231  230  224  212  195  175  156  139  125  114  107  100   95   89
   83   78   74   72   71   72   77   85   96  110  123  136  147  155  163  173
  185  198  212  225  234  239  242  245  248  252  257  259  258  254  246  238
  230  224  220  216  212  207  200  193  187  182  178  175  172  167  162  157
  155  158  165  175  186  198  207  215  222
    50.0-180.0 180.0   5.0 450.0                            LAT/LON1/LON2/DLON/H
  222  229  233  235  230  218  201  181  159  140  125  113  104   98   92   88
   83   80   76   73   71   71   74   80   91  105  121  134  145  154  163  173
  186  203  221  237  250  258  262  264  267  269  271  272  269  264  257  251
  245  242  241  239  236  231  223  214  205  197  190  183  176  168  160  154
  151  154  162  174  186  198  207  215  222
    47.5-180.0 180.0   5.0 450.0                            LAT/LON1/LON2/DLON/H
  219  225  230  233  230  220  204  183  162  142  125  112  103   96   91   88
   85   83   81   79   77   75   75   79   89  102  118  132  143  153  162  173
  189  210  232  253  269  280  284  286  285  285  284  282  279  274  269  265
  263  263  264  263  260  253  244  232  221  211  201  192  183  174  165  158
  155  157  166  178  190  200  208  213  219
    45.0-180.0 180.0   5.0 450.0                            LAT/LON1/LON2/DLON/H
  213  217  221  224  223  215  201  183  163  145  128  115  104   97   92   89
   88   88   88   87   85   82   80   82   89  101  116  130  141  151  162  175
  195  219  246  271  290  301  306  306  303  299  295  292  288  285  283  282
  283  285  287  285  280  271  259  245  232  220  210  201  191  182  174  167
  165  167  175  186  196  204  208  210  213
    42.5-180.0 180.0   5.0 450.0                            LAT/LON1/LON2/DLON/H
  205  205  208  209  208  202  191  177  162  147  132  120  109  101   96   93
   93   94   96   96   94   91   87   87   92  103  116  129  141  151  163  180
  202  230  259  287  308  320  324  322  317  311  305  301  299  298  299  302
  305  308  308  304  296  283  268  253  239  227  217  208  200  193  186  181
  180  182  189  197  205  209  209  207  205
    40.0-180.0 180.0   5.0 450.0                            LAT/LON1/LON2/DLON/H
  197  193  192  191  188  184  176  167  158  148  137  127  117  109  103   99
   98   99  101  103  103   99   95   94   98  107  118  131  142  154  167  186
  211  240  271  299  320  332  335  333  327  320  315  312  311  314  319  324
  329  331  329  322  310  295  277  261  246  235  225  217  211  206  201  199
  198  200  204  210  214  215  211  204  197
    37.5-180.0 180.0   5.0 450.0                            LAT/LON1/LON2/DLON/H
  193  184  177  172  167  162  157  153  150  146  141  134  126  118  111  105
  102  102  105  108  108  106  103  101  104  112  122  134  145  157  173  193
  219  249  279  306  325  337  340  338  333  328  325  325  328  334  342  350
  355  356  352  343  328  311  292  275  261  250  240  232  226  222  219  218
  217  218  220  222  224  222  215  205  193
    35.0-180.0 180.0   5.0 450.0                            LAT/LON1/LON2/DLON/H
  195  180  167  157  148  141  138  138  140  143  143  141  135  128  119  112
  106  104  106  109  111  111  109  108  111  118  127  137  149  162  180  201
  227  255  283  307  325  335  339  339  338  336  337  341  348  357  368  376
  381  382  378  368  354  337  319  303  289  277  266  257  248  243  240  238
  236  234  234  234  233  230  222  209  195
    32.5-180.0 180.0   5.0 450.0                            LAT/LON1/LON2/DLON/H
  202  184  166  149  135  126  122  124  130  137  143  144  142  136  127  117
  109  104  105  109  113  114  114  114  117  123  131  141  152  167  186  209
  234  259  283  304  319  329  335  338  341  345  351  359  369  382  393  403
  408  409  406  400  390  377  362  346  332  319  305  291  278  268  262  258
  254  249  246  244  243  240  232  219  202
    30.0-180.0 180.0   5.0 450.0                            LAT/LON1/LON2/DLON/H
  215  194  172  152  134  121  115  116  123  133  141  146  147  142  134  122
  111  105  104  108  113  117  118  119  122  127  134  143  154  170  191  214
  238  261  281  299  313  323  331  337  345  354  364  376  390  404  416  426
  431  434  436  437  434  427  416  402  388  372  354  334  314  298  286  278
  270  263  258  255  253  251  245  233  215
    27.5-180.0 180.0   5.0 450.0                            LAT/LON1/LON2/DLON/H
  231  209  186  163  143  127  118  117  122  131  140  147  150  147  138  126
  114  105  104  108  115  120  122  123  125  129  135  142  154  171  193  217
  240  260  278  294  308  319  329  339  350  363  376  391  406  421  434  443
  450  456  465  474  480  480  474  462  447  430  407  381  353  329  310  297
  286  277  270  266  264  263  258  248  231
    25.0-180.0 180.0   5.0 450.0                            LAT/LON1/LON2/DLON/H
  245  226  204  182  161  143  131  126  128  134  142  148  151  149  141  129
  116  107  106  111  118  123  126  126  127  129  132  139  150  169  192  217
  239  258  275  291  306  319  331  343  356  371  386  401  416  431  444  453
  462  472  488  505  520  527  524  514  500  481  456  424  390  359  334  316
  303  292  283  278  276  275  271  261  245
    22.5-180.0 180.0   5.0 450.0                            LAT/LON1/LON2/DLON/H
  256  239  221  202  183  165  152  143  140  142  146  151  153  151  144  132
  119  111  109  114  121  127  129  129  128  127  127  132  143  163  188  213
  235  254  273  291  308  323  336  350  364  378  392  406  420  435  447  458
  468  481  501  525  546  557  557  548  535  517  492  459  420  384  355  335
  320  308  299  293  289  286  280  270  256
    20.0-180.0 180.0   5.0 450.0                            LAT/LON1/LON2/DLON/H
  261  247  234  219  204  188  173  162  154  152  153  155  156  152  145  134
  122  114  113  118  125  130  131  129  126  122  120  122  133  154  180  206
  229  249  270  292  312  330  345  358  371  384  395  407  419  433  446  458
  469  484  506  531  553  564  565  557  546  532  510  479  441  404  374  353
  338  326  317  309  301  294  284  273  261
    17.5-180.0 180.0   5.0 450.0                            LAT/LON1/LON2/DLON/H
  260  250  241  230  219  206  191  178  168  162  160  159  158  153  145  135
  125  118  117  121  126  130  131  128  122  115  110  110  121  142  169  196
  220  243  267  293  317  338  354  367  378  388  397  406  416  429  443  456
  468  483  502  524  542  550  549  543  535  526  510  485  451  417  389  369
  356  346  336  325  313  300  286  272  260
    15.0-180.0 180.0   5.0 450.0                            LAT/LON1/LON2/DLON/H
  257  249  242  235  226  214  202  188  177  169  165  162  159  153  145  136
  127  121  119  122  126  129  128  124  117  108  100   98  108  129  156  185
  211  236  264  293  321  344  361  374  385  393  398  404  413  426  442  457
  469  481  495  509  519  522  518  511  507  504  497  479  453  424  400  384
  373  364  354  340  323  304  285  269  257
    12.5-180.0 180.0   5.0 450.0                            LAT/LON1/LON2/DLON/H
  256  249  242  234  225  215  203  191  180  172  167  163  158  152  144  136
  128  123  120  121  123  125  124  119  111  100   90   86   95  116  144  173
  201  229  260  292  322  346  365  379  389  396  400  404  411  425  442  460
  474  483  490  495  496  491  483  477  475  478  477  468  449  427  408  395
  387  379  369  353  332  308  285  267  256
    10.0-180.0 180.0   5.0 450.0                            LAT/LON1/LON2/DLON/H
  260  252  243  232  221  209  198  187  177  170  165  162  157  150  142  135
  129  124  120  119  119  119  118  114  105   93   82   77   84  104  132  163
  193  223  255  288  319  344  364  379  391  398  402  404  411  425  445  466
  482  490  491  488  480  470  459  452  452  457  460  456  443  426  412  402
  396  389  378  360  337  311  287  270  260
     7.5-180.0 180.0   5.0 450.0                            LAT/LON1/LON2/DLON/H
  270  262  250  234  217  204  193  183  174  167  163  159  154  148  141  135
  130  125  121  117  115  115  113  109  101   89   76   69   75   94  122  154
  186  218  250  282  312  337  358  375  388  397  401  404  410  425  447  471
  491  501  501  493  481  467  454  447  446  449  452  448  437  423  411  403
  398  391  379  362  339  314  293  278  270
     5.0-180.0 180.0   5.0 450.0                            LAT/LON1/LON2/DLON/H
  285  277  262  241  220  204  192  184  175  168  163  159  154  148  142  136
  132  127  122  117  113  112  110  107   98   86   73   65   69   87  115  148
  181  214  245  275  302  326  347  365  381  391  396  400  406  420  444  473
  499  514  517  510  498  484  472  462  457  455  452  444  432  418  406  398
  391  384  373  356  336  315  299  290  285
     2.5-180.0 180.0   5.0 450.0                            LAT/LON1/LON2/DLON/H
  301  295  277  253  229  212  202  194  185  177  170  165  159  152  145  139
  134  129  124  118  114  111  110  106   97   85   72   64   66   82  109  143
  178  211  240  266  289  310  331  350  367  378  385  389  395  409  434  467
  499  523  534  533  526  515  504  493  482  471  458  442  425  408  395  385
  377  368  358  344  328  313  304  302  301
