data/kpl/codg1650.22i
     1.0            IONOSPHERE MAPS     GNSS                IONEX VERSION / TYPE
ADDNEQ2 V5.5        AIUB                18-JUN-22 23:16     PGM / RUN BY / DATE 
CODE'S GLOBAL IONOSPHERE MAPS FOR DAY 165, 2022             COMMENT             
Global ionosphere maps (GIM) are generated on a daily basis DESCRIPTION         
at CODE using data from about 300 GNSS sites of the IGS and DESCRIPTION         
other institutions. The vertical total electron content     DESCRIPTION         
(VTEC) is modeled in a solar-geomagnetic reference frame    DESCRIPTION         
using a spherical harmonics expansion up to degree and      DESCRIPTION         
order 15. Piece-wise linear functions are used for          DESCRIPTION         
representation in the time domain. The time spacing of      DESCRIPTION         
their vertices is 1 hour, conforming with the epochs of the DESCRIPTION         
VTEC maps.                                                  DESCRIPTION         
To convert line-of-sight TEC into vertical TEC, a modified  DESCRIPTION         
single-layer model mapping function approximating the JPL   DESCRIPTION         
extended slab model mapping function is adopted. The        DESCRIPTION         
mapping function is evaluated at geodetic satellite         DESCRIPTION         
elevation angles. For the computation of the ionospheric    DESCRIPTION         
pierce points, a spherical layer with a radius of 6821 km   DESCRIPTION         
is assumed, implying geocentric, not geodetic IONEX         DESCRIPTION         
latitudes.                                                  DESCRIPTION         
Instrumental biases with respect to each involved GNSS code DESCRIPTION         
observable are estimated as constant values for each        DESCRIPTION         
day. They are modeled with one set of bias parameters for   DESCRIPTION         
each satellite and each station in case of GPS and for each DESCRIPTION         
satellite-station link in case of GLONASS. The code bias    DESCRIPTION         
datum is defined by zero-mean conditions imposed on the     DESCRIPTION         
satellite bias estimates. In this file, just GPS C1W-C2W    DESCRIPTION         
satellite and station bias values are included. The         DESCRIPTION         
complete set of GNSS code bias results is provided in an    DESCRIPTION         
additional Bias-SINEX file as pseudo-absolute values        DESCRIPTION         
specific to each observable.                                DESCRIPTION         
Note: These GIM results correspond to the results for the   DESCRIPTION         
middle day of a 3-day combination analysis solving for 73   DESCRIPTION         
times 256, or 18688 VTEC parameters and 3 daily sets of     DESCRIPTION         
GNSS code bias parameters.                                  DESCRIPTION         
Contact address: code(at)aiub.unibe.ch                      DESCRIPTION         
Data archive:    ftp.aiub.unibe.ch/CODE/                    DESCRIPTION         
                 www.aiub.unibe.ch/download/CODE/           DESCRIPTION         
  2022     6    14     0     0     0                        EPOCH OF FIRST MAP  
  2022     6    15     0     0     0                        EPOCH OF LAST MAP   
  3600                                                      INTERVAL            
[...]
badg bake bako barh bjco bndy boav bogo bogt bor1 braz brft COMMENT             
brst brux bshm cags cas1 ccj2 cedu chpg chpi chti chur ckis COMMENT             
coco cord cpvg crar cro1 daej darw dav1 dgar dhlg drao dubo COMMENT             
ebre faa1 fair flin flrs frdn ftna func ganp glsv gode godz COMMENT             
gol2 gold gope gras graz guam harb hers hert hlfx hnlc hob2 COMMENT             
hofn holb hrao hyde ieng iisc ineg invk iqal irkj joz2 joze COMMENT             
kerg kir0 kiri kiru kit3 kokb kokv koug kour krgg laut lmmf COMMENT             
lpal lpgs m0se mac1 madr mal2 mana mas1 mat1 mate maw1 mcil COMMENT             
mcm4 mdo1 mdvj medi mets mgue mizu mkea mobs monp morp mqzg COMMENT             
mro1 mtka nano nico nist nklg nlib nnor not1 nrc1 ntus nya1 COMMENT             
nyal ohi2 onsa opmt ous2 pado parc park pdel penc pert pie1 COMMENT             
pohn pol2 polv pots pove prds ptag ptbb ptvl qaq1 quin rabt COMMENT             
ramo reun reyk rgdg rio2 riop salu samo sant savo sch2 scor COMMENT             
scrz sctb scub seyg smst sofi spt0 ssia sthl stjo stk2 str2 COMMENT             
suth sutm suwn sydn syog tabl tabv tash thtg thti thu2 tidb COMMENT             
tlse tong tow2 tro1 tsea tskb tuva twtf uclu ufpr ulab unb3 COMMENT             
unbj unsa urum usn7 usud vald vill voim wab1 wab2 wark wgtn COMMENT             
whit will wind wsrt wtza wtzl wtzr wtzz wuhn xmis yar2 yar3 COMMENT             
yarr yell zamb zeck zim2 zim3 zimm                          COMMENT             
                                                            END OF HEADER       
[from data line 5148]
    13                                                      START OF TEC MAP    
  2022     6    14    12     0     0                        EPOCH OF CURRENT MAP
    87.5-180.0 180.0   5.0 450.0                            LAT/LON1/LON2/DLON/H
  145  146  147  147  148  149  149  150  150  151  151  151  151  151  152  152
  151  151  151  151  151  150  150  149  149  148  148  147  147  146  145  145
  144  143  143  142  141  141  140  140  139  139  138  138  137  137  137  137
  137  137  137  137  137  137  137  137  138  138  138  138  139  139  140  140
  141  141  142  142  143  144  144  145  145
    85.0-180.0 180.0   5.0 450.0                            LAT/LON1/LON2/DLON/H
  149  151  152  153  155  156  157  158  159  160  160  161  161  161  161  161
  161  160  160  159  158  158  157  156  155  155  154  153  152  151  150  149
  148  147  146  145  144  142  141  140  139  139  138  137  137  137  136  136
  137  137  137  138  138  138  139  139  140  140  140  141  141  141  142  142
  142  143  144  144  145  146  147  148  149
    82.5-180.0 180.0   5.0 450.0                            LAT/LON1/LON2/DLON/H
  152  154  156  158  160  162  164  165  166  167  168  168  168  168  168  167
  166  165  165  164  163  162  161  160  160  159  158  158  157  156  156  155
  154  153  152  150  149  148  146  145  144  143  142  141  141  141  141  142
  142  144  145  146  147  148  149  150  150  151  151  150  150  149  149  148
  148  147  147  147  147  148  149  150  152
    80.0-180.0 180.0   5.0 450.0                            LAT/LON1/LON2/DLON/H
  152  154  157  159  162  165  167  169  170  171  172  171  171  170  169  168
  167  165  164  163  162  162  161  161  160  160  160  160  160  160  160  160
  160  160  159  158  157  156  154  153  151  150  149  148  148  149  150  151
  153  156  158  161  163  165  166  167  168  168  167  166  164  162  160  158
  155  153  151  150  149  149  149  150  152
    77.5-180.0 180.0   5.0 450.0                            LAT/LON1/LON2/DLON/H
  149  151  154  157  160  163  166  168  169  170  170  169  168  167  165  163
  162  160  159  158  158  158  158  158  158  159  159  160  161  163  164  165
  166  167  167  167  166  165  164  162  160  158  157  157  157  159  161  164
  167  171  175  179  182  185  187  188  189  188  187  184  181  178  173  169
  164  160  156  152  150  148  147  148  149
    75.0-180.0 180.0   5.0 450.0                            LAT/LON1/LON2/DLON/H
  143  145  147  150  154  157  160  162  164  165  164  163  161  159  157  154
  153  151  151  151  151  152  153  154  155  156  157  159  161  163  166  168
  171  173  175  176  175  174  173  171  169  167  165  165  166  168  172  176
  181  186  191  196  200  203  206  207  207  206  204  201  197  192  186  179
  172  166  159  154  149  146  143  143  143
    72.5-180.0 180.0   5.0 450.0                            LAT/LON1/LON2/DLON/H
  136  137  139  142  145  148  151  154  155  156  155  154  151  149  146  144
  142  141  142  143  144  146  148  150  152  153  155  157  160  163  167  171
  174  178  181  183  183  182  181  178  176  173  172  172  173  176  181  186
  192  198  204  209  213  216  218  219  219  218  216  212  208  202  195  188
  179  171  163  155  148  143  139  137  136
    70.0-180.0 180.0   5.0 450.0                            LAT/LON1/LON2/DLON/H
  131  130  131  132  135  138  140  143  145  145  145  144  141  139  136  134
  133  133  134  136  139  142  146  149  151  153  155  157  159  163  167  172
  177  182  186  188  189  188  186  184  181  178  177  177  179  182  187  193
  199  205  211  215  218  220  221  221  221  220  218  215  212  207  200  193
  184  175  166  157  149  142  137  133  131
    67.5-180.0 180.0   5.0 450.0                            LAT/LON1/LON2/DLON/H
  128  125  124  124  125  127  130  132  134  135  135  135  133  131  129  127
  126  127  129  132  137  141  146  149  152  154  156  158  161  165  169  175
  180  186  190  192  193  192  189  186  183  181  180  180  182  186  190  196
  202  208  212  215  216  216  215  214  213  213  212  211  209  206  201  195
  188  179  170  161  153  145  138  132  128
    65.0-180.0 180.0   5.0 450.0                            LAT/LON1/LON2/DLON/H
  130  125  121  119  119  119  120  122  124  126  127  128  127  126  124  123
  123  124  127  131  136  142  147  152  155  158  160  162  165  168  173  179
  185  190  193  195  195  193  191  188  185  183  182  182  184  187  192  197
  202  206  208  209  208  205  203  201  200  200  200  202  202  202  199  195
  190  183  175  167  158  150  142  135  130
    62.5-180.0 180.0   5.0 450.0                            LAT/LON1/LON2/DLON/H
  135  128  123  118  115  114  113  114  116  119  121  123  123  123  123  122
  122  124  127  131  136  142  148  153  157  161  164  166  170  174  180  185
  191  195  197  197  196  193  191  188  186  184  184  184  186  189  192  196
  200  202  203  201  198  194  189  186  185  186  189  192  195  197  197  195
  192  187  181  174  166  158  150  142  135
    60.0-180.0 180.0   5.0 450.0                            LAT/LON1/LON2/DLON/H
  143  135  127  121  115  111  109  109  110  113  116  118  121  122  123  123
  124  125  127  131  136  142  148  153  158  163  167  171  176  182  188  193
  198  201  201  200  197  194  191  188  187  187  187  188  189  190  193  195
  197  199  198  195  190  185  180  177  176  178  181  186  191  194  196  196
  194  190  186  181  174  167  160  151  143
    57.5-180.0 180.0   5.0 450.0                            LAT/LON1/LON2/DLON/H
  151  142  134  126  118  112  108  105  105  107  110  114  117  120  122  124
  125  126  128  131  135  139  145  151  156  162  168  175  182  189  196  202
  206  207  206  203  198  194  192  191  191  192  192  192  192  193  194  195
  196  197  196  193  188  182  178  175  174  177  182  187  193  196  198  198
  196  194  190  186  181  175  168  160  151
    55.0-180.0 180.0   5.0 450.0                            LAT/LON1/LON2/DLON/H
  157  149  140  131  122  114  108  104  102  102  105  108  112  116  120  123
  126  128  130  131  133  136  141  146  153  160  168  177  186  195  204  210
  214  214  211  207  202  198  196  196  197  199  200  199  197  196  195  196
  197  198  197  195  191  187  183  181  182  185  190  195  200  202  203  201
  199  196  193  189  185  179  172  165  157
    52.5-180.0 180.0   5.0 450.0                            LAT/LON1/LON2/DLON/H
  159  151  144  135  126  117  109  103  100   98   99  102  106  110  115  121
  125  129  131  132  133  134  136  141  148  157  167  178  189  200  210  217
  221  221  217  212  207  204  204  205  208  209  209  207  204  200  199  199
  200  201  202  201  200  197  195  195  196  199  203  208  210  211  209  206
  202  198  194  190  185  179  172  166  159
    50.0-180.0 180.0   5.0 450.0                            LAT/LON1/LON2/DLON/H
  156  150  144  137  128  119  111  104   98   96   95   96   99  104  110  117
  125  130  134  134  134  133  134  139  146  155  167  179  191  203  213  221
  226  227  224  220  217  215  216  219  222  223  221  217  211  206  204  203
  205  207  209  209  209  209  209  210  212  215  218  221  222  220  217  212
  206  200  194  188  182  175  168  161  156
    47.5-180.0 180.0   5.0 450.0                            LAT/LON1/LON2/DLON/H
  149  145  141  135  128  120  112  105   99   95   93   92   93   98  105  114
  124  133  138  139  138  136  136  140  147  157  169  181  193  205  216  224
  230  233  233  232  231  232  235  238  241  240  236  229  221  214  211  211
  213  215  216  218  219  220  221  223  225  227  229  231  231  228  223  217
  210  202  195  186  177  168  160  154  149
    45.0-180.0 180.0   5.0 450.0                            LAT/LON1/LON2/DLON/H
  141  138  135  131  125  118  112  106  101   97   94   92   91   94  101  112
  125  136  143  146  145  142  142  145  153  163  174  186  197  208  218  227
  234  240  243  246  249  253  258  262  263  260  253  243  233  226  222  222
  223  224  224  225  225  227  229  231  233  234  235  236  235  232  228  222
  214  206  196  186  174  162  153  146  141
    42.5-180.0 180.0   5.0 450.0                            LAT/LON1/LON2/DLON/H
  135  132  129  125  120  115  111  108  105  102   99   96   94   95  101  113
  127  141  150  154  154  152  151  155  162  172  183  194  203  212  221  231
  240  248  256  264  272  279  285  289  288  283  272  260  248  241  237  237
  238  236  234  232  231  232  234  235  235  235  235  235  235  234  230  226
  219  211  200  187  173  159  147  140  135
    40.0-180.0 180.0   5.0 450.0                            LAT/LON1/LON2/DLON/H
  133  129  125  120  115  111  109  109  110  109  107  104  100  100  104  115
  130  146  157  163  164  162  162  166  174  185  195  205  212  219  227  236
  247  259  272  284  296  307  315  318  315  307  294  279  267  260  258  258
  257  252  246  241  238  238  238  238  236  234  232  232  233  233  232  229
  224  217  206  192  176  160  147  138  133
    37.5-180.0 180.0   5.0 450.0                            LAT/LON1/LON2/DLON/H
  136  131  124  117  111  108  108  111  115  117  116  113  109  107  110  120
  134  151  164  171  173  173  174  178  187  198  208  217  222  227  234  244
  257  272  289  306  321  334  343  346  342  331  317  302  290  284  283  283
  281  274  265  256  251  249  247  244  239  234  231  230  230  231  232  231
  229  223  213  199  182  166  152  143  136
    35.0-180.0 180.0   5.0 450.0                            LAT/LON1/LON2/DLON/H
  145  138  128  118  110  106  108  113  119  123  125  123  119  115  116  124
  138  154  169  178  181  182  183  188  197  209  220  228  233  237  243  253
  268  287  306  326  344  359  368  371  365  354  340  325  315  311  312  314
  311  302  291  280  273  269  265  258  249  240  234  232  231  231  232  232
  232  228  219  206  190  174  161  152  145
    32.5-180.0 180.0   5.0 450.0                            LAT/LON1/LON2/DLON/H
  157  148  137  124  114  109  110  115  122  127  130  129  126  122  121  127
  140  156  172  182  187  188  190  195  204  217  229  238  244  248  254  265
  282  302  323  344  363  378  388  390  385  375  362  350  342  341  344  347
  345  337  325  314  306  301  293  281  267  254  245  239  235  233  232  232
  231  229  222  212  198  184  173  164  157
    30.0-180.0 180.0   5.0 450.0                            LAT/LON1/LON2/DLON/H
  170  161  149  134  122  116  116  119  124  129  131  132  129  125  123  128
  139  156  172  184  191  192  194  198  208  221  235  246  253  258  265  278
  296  317  339  359  377  392  402  405  401  393  383  374  370  372  378  383
  383  376  366  356  349  341  329  311  292  275  262  252  243  236  231  229
  228  226  221  213  203  192  182  176  170
    27.5-180.0 180.0   5.0 450.0                            LAT/LON1/LON2/DLON/H
  179  172  161  147  134  127  124  125  126  128  129  130  128  124  122  125
  136  152  170  184  192  195  195  199  208  222  238  251  261  268  277  292
  311  332  353  372  388  401  411  414  413  408  401  397  396  401  410  419
  422  418  410  403  396  385  368  344  319  298  281  267  253  240  230  223
  220  218  215  210  203  195  188  184  179
    25.0-180.0 180.0   5.0 450.0                            LAT/LON1/LON2/DLON/H
  184  180  171  159  148  140  135  132  128  126  125  124  123  120  118  120
  130  147  166  182  191  195  196  199  207  222  240  256  269  279  290  306
  327  348  367  383  397  408  417  422  423  421  418  417  421  429  441  452
  458  458  453  448  440  426  403  373  343  319  300  281  262  243  227  217
  211  208  205  202  198  192  188  186  184
    22.5-180.0 180.0   5.0 450.0                            LAT/LON1/LON2/DLON/H
  182  182  178  170  161  154  147  139  131  123  119  118  117  114  112  114
  123  140  160  177  189  193  195  198  207  223  243  262  278  291  305  323
  344  365  382  395  406  416  425  431  434  434  434  436  442  453  467  481
  489  491  489  485  476  458  428  393  360  334  313  292  268  244  224  210
  201  196  194  192  189  185  182  181  182
    20.0-180.0 180.0   5.0 450.0                            LAT/LON1/LON2/DLON/H
  175  179  179  176  171  165  157  146  134  122  116  113  112  110  107  108
  116  132  152  171  184  190  194  199  209  227  248  270  289  305  321  341
  363  384  400  411  419  428  437  443  446  447  449  453  461  474  489  504
  513  516  514  509  498  475  440  401  366  340  320  298  271  244  221  204
  193  187  183  181  179  176  173  172  175
    17.5-180.0 180.0   5.0 450.0                            LAT/LON1/LON2/DLON/H
  166  172  176  177  175  171  163  150  136  122  114  111  109  107  104  104
  110  125  143  162  177  186  192  201  214  234  257  281  302  320  339  361
  383  404  419  429  437  445  453  458  461  462  463  467  476  489  505  519
  527  529  526  519  504  478  439  398  364  340  321  299  272  243  219  201
  189  181  176  173  171  167  162  162  166
    15.0-180.0 180.0   5.0 450.0                            LAT/LON1/LON2/DLON/H
  157  164  171  175  174  171  163  151  136  122  114  111  110  108  104  103
  107  118  135  153  168  180  191  204  222  244  269  294  317  337  358  381
  404  425  441  450  458  465  472  476  477  475  475  477  485  498  514  526
  532  530  523  514  497  469  430  390  359  339  322  300  272  243  220  203
  190  180  173  169  166  161  155  153  157
    12.5-180.0 180.0   5.0 450.0                            LAT/LON1/LON2/DLON/H
  151  158  166  170  170  166  158  146  133  122  115  113  112  110  107  104
  106  114  128  144  160  175  191  210  232  257  283  308  331  353  376  400
  424  445  461  471  479  486  492  494  491  486  481  481  488  500  514  524
  526  519  509  497  481  454  419  384  357  340  324  302  273  245  224  208
  195  184  175  171  166  160  153  149  151
    10.0-180.0 180.0   5.0 450.0                            LAT/LON1/LON2/DLON/H
  152  157  163  165  164  158  150  139  128  119  115  115  115  114  111  108
  108  113  123  137  152  170  191  216  243  270  296  320  343  366  390  415
  439  460  476  487  495  502  506  505  498  489  480  477  482  493  506  513
  511  500  487  475  461  440  412  384  363  348  332  308  278  250  230  215
  202  190  181  175  171  165  157  151  152
     7.5-180.0 180.0   5.0 450.0                            LAT/LON1/LON2/DLON/H
  158  162  165  164  159  151  140  129  121  116  114  116  117  116  114  112
  110  113  121  133  148  168  193  223  254  282  306  328  350  374  399  423
  446  466  482  494  503  508  509  505  495  481  469  463  466  477  488  493
  487  474  460  450  442  430  412  392  376  362  344  316  284  256  236  222
  209  196  187  182  179  173  165  159  158
     5.0-180.0 180.0   5.0 450.0                            LAT/LON1/LON2/DLON/H
  169  171  171  168  159  147  133  121  114  111  112  114  115  116  115  114
  113  115  121  132  148  169  197  230  263  291  313  331  351  375  400  423
  444  462  477  489  496  500  499  491  478  462  447  440  442  451  462  465
  458  444  431  425  425  424  417  406  393  379  357  325  289  259  239  225
  212  199  191  187  186  182  176  171  169
     2.5-180.0 180.0   5.0 450.0                            LAT/LON1/LON2/DLON/H
  180  181  181  175  164  148  131  117  109  107  108  110  111  112  113  114
  114  116  123  135  151  174  203  237  270  296  314  329  346  369  393  414
  432  447  460  470  476  477  472  462  447  430  416  408  409  418  428  431
  424  411  401  401  410  419  422  417  407  390  364  328  290  259  237  223
  210  198  190  189  190  189  185  181  180
