data/kpl/codg1650.22i
     1.0            IONOSPHERE MAPS     GNSS                IONEX VERSION / TYPE
ADDNEQ2 V5.5        AIUB                18-JUN-22 23:16     PGM / RUN BY / DATE 
CODE'S GLOBAL IONOSPHERE MAPS FOR DAY 165, 2022             COMMENT             
Global ionosphere maps (GIM) are generated on a daily basis DESCRIPTION         
at CODE using data from about 300 GNSS sites of the IGS and DESCRIPTION         
other institutions. The vertical total electron content     DESCRIPTION         
(VTEC) is modeled in a solar-geomagnetic reference frame    DESCRIPTION         
using a spherical harmonics expansion up to degree and      DESCRIPTION         
order 15. Piece-wise linear functions are used for          DESCRIPTION         
representation in the time domain. The time spacing of      DESCRIPTION         
their vertices is 1 hour, conforming with the epochs of the DESCRIPTION         
VTEC maps.                                                  DESCRIPTION         
To convert line-of-sight TEC into vertical TEC, a modified  DESCRIPTION         
single-layer model mapping function approximating the JPL   DESCRIPTION         
extended slab model mapping function is adopted. The        DESCRIPTION         
mapping function is evaluated at geodetic satellite         DESCRIPTION         
elevation angles. For the computation of the ionospheric    DESCRIPTION         
pierce points, a spherical layer with a radius of 6821 km   DESCRIPTION         
is assumed, implying geocentric, not geodetic IONEX         DESCRIPTION         
latitudes.                                                  DESCRIPTION         
Instrumental biases with respect to each involved GNSS code DESCRIPTION         
observable are estimated as constant values for each        DESCRIPTION         
day. They are modeled with one set of bias parameters for   DESCRIPTION         
each satellite and each station in case of GPS and for each DESCRIPTION         
satellite-station link in case of GLONASS. The code bias    DESCRIPTION         
datum is defined by zero-mean conditions imposed on the     DESCRIPTION         
satellite bias estimates. In this file, just GPS C1W-C2W    DESCRIPTION         
satellite and station bias values are included. The         DESCRIPTION         
complete set of GNSS code bias results is provided in an    DESCRIPTION         
additional Bias-SINEX file as pseudo-absolute values        DESCRIPTION         
specific to each observable.                                DESCRIPTION         
Note: These GIM results correspond to the results for the   DESCRIPTION         
middle day of a 3-day combination analysis solving for 73   DESCRIPTION         
times 256, or 18688 VTEC parameters and 3 daily sets of     DESCRIPTION         
GNSS code bias parameters.                                  DESCRIPTION         
Contact address: code(at)aiub.unibe.ch                      DESCRIPTION         
Data archive:    ftp.aiub.unibe.ch/CODE/                    DESCRIPTION         
                 www.aiub.unibe.ch/download/CODE/           DESCRIPTION         
  2022     6    14     0     0     0                        EPOCH OF FIRST MAP  
  2022     6    15     0     0     0                        EPOCH OF LAST MAP   
  3600                                                      INTERVAL            
[...]
badg bake bako barh bjco bndy boav bogo bogt bor1 braz brft COMMENT             
brst brux bshm cags cas1 ccj2 cedu chpg chpi chti chur ckis COMMENT             
coco cord cpvg crar cro1 daej darw dav1 dgar dhlg drao dubo COMMENT             
ebre faa1 fair flin flrs frdn ftna func ganp glsv gode godz COMMENT             
gol2 gold gope gras graz guam harb hers hert hlfx hnlc hob2 COMMENT             
hofn holb hrao hyde ieng iisc ineg invk iqal irkj joz2 joze COMMENT             
kerg kir0 kiri kiru kit3 kokb kokv koug kour krgg laut lmmf COMMENT             
lpal lpgs m0se mac1 madr mal2 mana mas1 mat1 mate maw1 mcil COMMENT             
mcm4 mdo1 mdvj medi mets mgue mizu mkea mobs monp morp mqzg COMMENT             
mro1 mtka nano nico nist nklg nlib nnor not1 nrc1 ntus nya1 COMMENT             
nyal ohi2 onsa opmt ous2 pado parc park pdel penc pert pie1 COMMENT             
pohn pol2 polv pots pove prds ptag ptbb ptvl qaq1 quin rabt COMMENT             
ramo reun reyk rgdg rio2 riop salu samo sant savo sch2 scor COMMENT             
scrz sctb scub seyg smst sofi spt0 ssia sthl stjo stk2 str2 COMMENT             
suth sutm suwn sydn syog tabl tabv tash thtg thti thu2 tidb COMMENT             
tlse tong tow2 tro1 tsea tskb tuva twtf uclu ufpr ulab unb3 COMMENT             
unbj unsa urum usn7 usud vald vill voim wab1 wab2 wark wgtn COMMENT             
whit will wind wsrt wtza wtzl wtzr wtzz wuhn xmis yar2 yar3 COMMENT             
yarr yell zamb zeck zim2 zim3 zimm                          COMMENT             
                                                            END OF HEADER       
[from data line 5577]
    14                                                      START OF TEC MAP    
  2022     6    14    13     0     0                        EPOCH OF CURRENT MAP
    87.5-180.0 180.0   5.0 450.0                            LAT/LON1/LON2/DLON/H
  150  150  150  150  151  151  151  151  151  151  151  151  151  151  151  150
  150  150  150  149  149  148  148  147  147  146  145  145  144  144  143  142
  142  141  141  140  140  139  139  138  138  138  138  138  138  138  138  138
  139  139  140  140  141  141  142  142  143  143  144  144  145  145  146  146
  147  147  148  148  148  149  149  149  150
    85.0-180.0 180.0   5.0 450.0                            LAT/LON1/LON2/DLON/H
  155  155  156  156  157  157  158  158  158  158  158  158  158  158  158  157
  157  156  156  155  154  154  153  152  151  151  150  149  148  147  146  145
  144  142  141  140  139  138  137  136  136  135  135  135  135  136  136  137
  138  139  141  142  143  145  146  147  148  149  150  151  151  152  152  152
  153  153  153  153  153  154  154  154  155
    82.5-180.0 180.0   5.0 450.0                            LAT/LON1/LON2/DLON/H
  157  158  158  159  160  161  162  162  163  163  163  163  163  162  162  161
  161  160  159  158  158  157  157  156  156  155  155  154  154  153  152  151
  149  148  146  145  143  141  139  138  137  136  136  136  136  137  139  141
  143  145  148  150  153  155  157  159  160  161  162  162  162  162  161  160
  160  159  158  157  157  157  157  157  157
    80.0-180.0 180.0   5.0 450.0                            LAT/LON1/LON2/DLON/H
  155  156  157  158  159  161  162  163  164  164  164  164  163  163  162  161
  160  159  158  158  158  158  158  158  158  159  159  160  160  160  160  159
  158  157  155  153  151  148  146  144  142  141  140  140  141  143  146  149
  152  156  160  164  168  171  173  175  176  177  177  176  175  173  171  168
  166  163  161  159  157  156  156  155  155
    77.5-180.0 180.0   5.0 450.0                            LAT/LON1/LON2/DLON/H
  150  151  152  153  155  157  158  160  161  161  161  161  160  159  157  156
  155  154  154  154  154  155  156  157  159  160  162  164  166  167  168  169
  168  168  166  164  161  158  155  152  150  148  148  148  149  152  156  160
  165  170  175  180  184  188  191  192  193  193  192  189  186  183  179  174
  170  165  161  158  155  152  151  150  150
    75.0-180.0 180.0   5.0 450.0                            LAT/LON1/LON2/DLON/H
  142  142  144  146  148  150  152  154  155  155  155  154  153  152  150  149
  148  147  147  147  148  150  152  155  158  161  164  167  170  173  175  177
  178  178  178  176  173  170  166  162  159  157  156  157  159  162  167  173
  178  184  190  195  199  203  205  206  205  204  202  198  194  189  183  177
  171  164  159  154  149  146  143  142  142
    72.5-180.0 180.0   5.0 450.0                            LAT/LON1/LON2/DLON/H
  133  134  135  137  139  142  144  146  147  148  148  147  146  144  142  141
  140  139  140  141  143  146  149  153  157  161  165  169  173  177  181  184
  186  187  187  186  184  180  176  172  169  166  166  166  169  173  178  184
  191  197  202  206  209  211  212  212  210  208  204  200  195  189  182  175
  168  161  154  148  143  139  136  134  133
    70.0-180.0 180.0   5.0 450.0                            LAT/LON1/LON2/DLON/H
  127  127  128  129  132  134  137  139  140  141  141  141  139  138  136  135
  134  134  135  137  140  144  149  153  158  163  167  172  176  180  184  188
  192  194  195  194  192  189  185  181  177  175  174  175  178  183  188  194
  200  205  209  211  212  212  211  209  206  203  200  195  190  185  178  172
  164  157  150  144  138  134  130  128  127
    67.5-180.0 180.0   5.0 450.0                            LAT/LON1/LON2/DLON/H
  123  123  123  124  126  128  130  133  135  136  136  136  135  134  133  132
  131  132  134  137  141  146  151  156  161  166  170  174  179  183  187  191
  195  198  200  200  198  196  192  188  184  182  182  183  186  191  196  201
  206  209  210  210  208  206  202  199  196  193  190  187  183  178  173  167
  161  154  148  142  136  131  128  125  123
    65.0-180.0 180.0   5.0 450.0                            LAT/LON1/LON2/DLON/H
  124  122  121  122  123  124  126  129  131  133  134  134  134  133  132  132
  132  133  135  138  143  149  155  161  166  171  175  178  182  186  190  194
  198  201  203  204  203  200  197  193  190  188  188  190  193  197  202  205
  208  209  207  204  200  195  190  186  183  181  179  178  176  173  169  165
  160  154  148  143  138  133  129  126  124
    62.5-180.0 180.0   5.0 450.0                            LAT/LON1/LON2/DLON/H
  127  125  123  122  121  122  124  126  128  131  133  134  135  135  134  134
  134  135  138  141  146  152  158  165  170  175  179  183  186  190  194  198
  201  204  206  206  205  203  200  197  195  193  193  195  198  202  205  208
  208  207  203  198  191  185  180  176  173  173  173  173  173  172  169  166
  162  157  152  147  142  138  134  131  127
    60.0-180.0 180.0   5.0 450.0                            LAT/LON1/LON2/DLON/H
  132  128  125  123  121  121  122  124  127  130  133  135  136  137  137  137
  137  138  140  144  148  154  160  167  173  178  183  187  191  195  199  203
  206  209  210  209  208  206  203  201  199  198  198  200  202  205  207  208
  207  204  199  193  186  179  174  171  170  172  174  176  177  176  174  171
  167  162  158  153  149  145  140  136  132
    57.5-180.0 180.0   5.0 450.0                            LAT/LON1/LON2/DLON/H
  136  132  127  124  121  120  120  121  124  128  131  135  137  138  139  139
  140  141  142  145  148  153  159  166  172  179  184  190  195  200  205  210
  213  214  214  213  211  209  206  204  203  202  202  203  205  206  208  208
  206  203  198  191  185  180  176  175  176  179  182  185  187  186  183  179
  174  169  164  159  155  150  146  141  136
    55.0-180.0 180.0   5.0 450.0                            LAT/LON1/LON2/DLON/H
  138  133  128  123  120  118  117  118  120  124  129  133  136  138  140  141
  142  143  144  145  147  150  155  161  168  176  183  191  198  206  212  218
  221  221  220  217  215  212  210  209  208  207  206  206  207  207  207  207
  205  203  199  195  191  187  186  186  189  193  197  200  201  199  195  189
  182  175  169  164  158  154  149  144  138
    52.5-180.0 180.0   5.0 450.0                            LAT/LON1/LON2/DLON/H
  137  131  126  121  117  114  113  113  116  119  124  129  133  137  139  142
  143  145  145  145  145  147  150  156  163  172  181  190  200  210  219  226
  229  229  226  223  220  217  216  215  214  213  211  209  208  207  207  207
  206  205  203  202  200  200  200  202  205  209  213  215  215  211  205  197
  189  180  173  166  159  154  148  143  137
    50.0-180.0 180.0   5.0 450.0                            LAT/LON1/LON2/DLON/H
  133  127  122  117  114  111  109  108  110  114  120  125  131  135  139  143
  146  149  149  148  146  145  147  151  158  168  178  190  202  214  225  232
  236  236  233  229  226  225  224  224  223  220  217  213  210  209  208  208
  208  208  209  211  212  214  215  218  221  224  227  227  225  220  212  203
  193  183  174  165  158  151  145  139  133
    47.5-180.0 180.0   5.0 450.0                            LAT/LON1/LON2/DLON/H
  128  122  117  113  110  107  105  104  106  110  116  123  129  135  141  147
  152  156  156  154  151  148  147  151  157  167  178  190  203  217  229  237
  242  242  239  236  234  234  236  236  235  231  225  220  215  212  211  211
  212  213  216  220  223  226  228  230  231  233  234  233  230  224  215  205
  194  184  173  164  155  148  141  134  128
    45.0-180.0 180.0   5.0 450.0                            LAT/LON1/LON2/DLON/H
  123  117  112  109  106  105  103  102  103  107  114  122  131  138  146  154
  161  166  168  165  160  155  153  156  162  171  181  193  206  219  232  241
  246  247  246  245  246  248  251  252  250  245  238  230  223  219  217  217
  218  220  223  228  232  236  237  237  236  235  234  233  228  222  213  204
  194  184  173  163  154  145  138  130  123
    42.5-180.0 180.0   5.0 450.0                            LAT/LON1/LON2/DLON/H
  121  114  108  106  105  104  102  101  102  107  115  125  135  145  155  164
  173  180  182  180  174  168  165  166  172  180  190  200  211  223  234  243
  249  252  254  256  261  266  271  273  271  264  254  244  236  231  229  228
  228  229  231  235  240  242  242  239  236  232  230  227  222  216  209  201
  193  184  175  164  155  146  138  129  121
    40.0-180.0 180.0   5.0 450.0                            LAT/LON1/LON2/DLON/H
  123  114  108  105  105  105  104  102  103  108  117  129  142  154  166  177
  188  195  198  196  189  183  180  181  187  195  203  211  219  228  238  246
  253  259  264  272  280  289  296  298  295  286  275  263  254  249  247  245
  242  241  241  243  247  249  246  241  234  228  224  220  216  210  204  199
  193  187  179  169  160  151  142  133  123
    37.5-180.0 180.0   5.0 450.0                            LAT/LON1/LON2/DLON/H
  129  118  110  106  106  107  106  105  105  110  121  135  150  164  178  190
  201  210  213  211  205  199  196  198  204  212  219  225  230  236  243  251
  259  268  279  291  303  315  323  325  322  312  299  287  278  273  271  267
  262  257  254  254  256  257  252  244  234  226  220  216  211  206  201  198
  195  191  185  177  168  160  151  141  129
    35.0-180.0 180.0   5.0 450.0                            LAT/LON1/LON2/DLON/H
  140  126  116  110  110  111  110  108  107  112  123  138  155  172  187  201
  212  221  225  224  218  213  211  213  220  229  236  240  242  245  250  258
  268  282  297  314  330  343  351  354  349  339  326  314  306  302  300  295
  288  279  272  270  270  269  263  252  240  229  222  217  212  206  202  199
  198  197  193  186  179  171  163  153  140
    32.5-180.0 180.0   5.0 450.0                            LAT/LON1/LON2/DLON/H
  152  136  123  116  114  115  113  111  109  113  123  139  157  175  191  206
  218  228  232  232  228  224  222  226  234  244  251  254  255  257  261  269
  282  299  319  339  357  370  378  380  376  366  353  342  336  334  333  328
  318  305  295  291  290  287  279  266  251  238  230  224  217  210  205  202
  202  202  200  195  189  183  176  166  152
    30.0-180.0 180.0   5.0 450.0                            LAT/LON1/LON2/DLON/H
  163  147  132  123  119  119  117  113  110  112  120  135  153  172  190  206
  219  229  235  236  234  231  230  234  243  254  263  267  268  269  274  284
  299  320  343  365  383  395  402  403  399  390  380  371  366  367  368  363
  352  336  323  316  313  309  299  283  265  251  241  234  226  216  208  204
  204  205  205  201  196  192  186  177  163
    27.5-180.0 180.0   5.0 450.0                            LAT/LON1/LON2/DLON/H
  173  156  140  129  124  123  120  115  110  110  116  128  145  164  183  199
  214  225  233  236  236  234  234  238  248  260  271  278  281  283  289  302
  320  343  368  390  406  416  420  421  418  412  404  398  396  400  403  399
  386  369  354  344  339  332  319  300  279  263  252  243  234  222  211  204
  203  204  204  202  199  196  192  185  173
    25.0-180.0 180.0   5.0 450.0                            LAT/LON1/LON2/DLON/H
  178  163  147  135  129  126  123  117  111  108  110  120  134  152  171  189
  204  217  227  234  236  235  235  239  249  264  277  287  293  298  307  322
  343  368  393  413  426  432  435  435  434  431  426  422  424  430  435  433
  420  402  384  372  363  353  335  312  289  271  259  249  238  224  210  201
  199  199  200  198  195  193  192  188  178
    22.5-180.0 180.0   5.0 450.0                            LAT/LON1/LON2/DLON/H
  178  166  152  140  133  129  125  119  113  107  107  112  123  139  157  176
  193  208  220  230  234  234  234  238  249  266  282  295  305  314  327  345
  368  393  416  433  442  445  445  447  448  448  445  444  448  457  464  463
  450  430  411  396  383  368  346  319  293  273  260  249  237  221  206  195
  191  191  191  188  186  185  185  184  178
    20.0-180.0 180.0   5.0 450.0                            LAT/LON1/LON2/DLON/H
  173  165  153  142  135  130  127  122  115  109  105  106  113  127  144  163
  181  198  212  224  231  233  233  238  250  268  288  305  318  332  349  370
  394  417  437  450  455  455  455  457  461  463  462  463  469  479  487  486
  473  453  432  414  397  377  350  320  291  270  255  244  231  215  199  187
  182  181  180  177  174  173  175  176  173
    17.5-180.0 180.0   5.0 450.0                            LAT/LON1/LON2/DLON/H
  167  162  153  143  135  130  126  123  118  112  107  105  108  118  134  152
  171  188  204  218  226  230  232  238  253  274  296  316  334  352  372  395
  418  440  456  465  466  465  465  469  474  477  476  478  484  495  503  501
  488  467  446  426  405  380  350  317  287  265  249  237  223  207  191  180
  174  172  169  166  162  160  162  166  167
    15.0-180.0 180.0   5.0 450.0                            LAT/LON1/LON2/DLON/H
  159  158  151  141  132  127  124  122  120  116  110  106  107  114  127  144
  162  180  196  210  220  226  231  241  258  282  308  331  351  372  395  418
  441  460  473  478  478  475  476  481  486  488  487  487  493  503  509  506
  493  472  451  430  408  381  349  316  286  263  246  231  216  200  185  175
  169  166  162  157  152  150  152  156  159
    12.5-180.0 180.0   5.0 450.0                            LAT/LON1/LON2/DLON/H
  153  153  148  139  129  122  120  120  120  118  114  110  109  113  124  139
  156  173  188  202  214  222  230  244  266  293  321  347  370  393  416  440
  461  477  487  490  488  486  488  493  497  496  492  490  494  502  506  501
  487  468  448  428  406  380  350  319  291  268  249  231  213  197  183  174
  168  164  159  153  147  144  145  150  153
    10.0-180.0 180.0   5.0 450.0                            LAT/LON1/LON2/DLON/H
  151  151  146  136  125  117  113  115  117  118  117  113  112  115  124  137
  152  167  182  195  207  218  231  250  276  306  336  363  387  411  435  457
  475  489  497  498  496  495  496  500  502  498  490  485  486  491  493  486
  471  454  437  421  403  380  354  328  303  281  259  237  216  198  184  176
  171  167  161  154  148  145  145  148  151
     7.5-180.0 180.0   5.0 450.0                            LAT/LON1/LON2/DLON/H
  153  152  146  135  122  111  107  108  112  115  116  114  113  116  123  135
  149  163  177  190  202  216  233  257  287  319  350  377  401  425  447  467
  483  494  500  501  499  498  499  501  498  489  477  469  469  471  470  461
  446  431  419  409  396  380  361  341  321  299  274  247  222  202  189  181
  176  171  165  159  153  150  149  151  153
     5.0-180.0 180.0   5.0 450.0                            LAT/LON1/LON2/DLON/H
  157  155  148  136  121  109  102  102  105  109  112  113  113  115  122  133
  146  160  174  188  201  217  238  265  297  331  361  386  409  431  452  469
  481  490  495  495  493  492  491  490  483  470  455  444  442  442  439  428
  413  402  395  391  386  377  365  352  337  316  289  258  229  206  193  186
  181  176  170  164  160  158  157  157  157
     2.5-180.0 180.0   5.0 450.0                            LAT/LON1/LON2/DLON/H
  162  159  151  138  123  109  100   98   99  103  106  108  109  112  119  130
  144  160  175  190  205  223  246  275  307  339  366  390  411  430  448  461
  470  476  480  480  478  474  471  467  456  440  422  411  408  407  402  390
  376  367  365  367  369  367  362  355  344  324  296  263  231  207  193  187
  184  179  173  168  166  165  165  164  162
